0:
  x: 0.0
  y: 0.0
  z: 0.10000000149011612
1:
  x: 1.600000023841858
  y: 0.0
  z: 0.10000000149011612
2:
  x: 1.600000023841858
  y: 1.600000023841858
  z: 0.10000000149011612
3:
  x: 0.0
  y: 1.600000023841858
  z: 0.10000000149011612

